44,35
10,157
10,226
10,219
10,155
10,283
10,279
10,12
10,102
11,20
11,19
40,4
40,3
40,2
40,1
40,0
38,3
38,2
38,1
38,0
20,2
20,1
12,3
12,2
20,3
12,1
11,28
11,27
11,24
11,23
11,22
11,21
11,18
11,16
11,15
11,14
11,13
11,12
11,11
11,10
11,9
11,8
19,2
19,1
11,6
11,5
11,3
11,2
19,3
11,1
10,302
10,300
10,297
10,289
10,275
10,273
10,260
10,256
10,250
10,232
10,212
10,210
10,209
10,208
10,200
10,168
10,156
10,152
10,144
10,137
10,115
10,114
10,106
10,95
10,75
10,67
10,31
10,26
10,22
10,18
10,9
10,3
10,2
18,1
10,1
9,7
9,6
9,5
9,4
18,3
9,3
9,2
14,1
9,1
8,18
8,17
8,16
8,15
8,14
8,13
8,12
8,11
8,10
8,9
8,8
8,7
14,3
8,6
8,5
8,4
8,3
13,1
8,2
13,3
